Rs = 0.600;
Ls = 0.0002700;
zp = 7;
psi = 0.0043319;
J = 0.00000600;
n_rated = 3500;
t_startup = 10;

f = n_rated/60*zp;
eps_startup = f/t_startup;



