Bm = 0.0000061;
Tl = 0.1;
Va = 6.2;
Ra = 7.1;
LAA = 0.13;
J = 0.0000017;
Kv = 0.0142;